1  1  00311   00342   00417   1   0
1  1  00452   00478   00559   1   0
1  1  00591   00616   00703   1   0
1  1  00741   00765   00853   1   0
1  1  00876   00906   00984   1   1
1  1  01033   01062   01216   2   0
1  1  01246   01265   01430   2   0
1  1  01476   01497   01659   2   0
1  1  01699   01720   01876   2   0
1  1  01942   01963   02120   2   1
1  1  02167   02192   02333   3   0
1  1  02377   02401   02569   3   0
1  1  02620   02640   02788   3   0
1  1  02846   02863   03015   3   0
1  1  03071   03107   03232   3   1
1  1  03323   03343   03533   4   0
1  1  03583   03602   03763   4   0
1  1  03808   03828   03947   4   0
1  1  04000   04019   04176   4   0
1  1  04214   04235   04394   4   1
1  1  04449   04470   04605   5   0
1  1  04645   04667   04792   5   0
1  1  04844   04866   04991   5   0
1  1  05032   05054   05174   5   0
1  1  05232   05257   05378   5   1
1  2  05988   06011   06142   1   0
1  2  06183   06211   06341   1   0
1  2  06390   06410   06526   1   0
1  2  06575   06600   06719   1   0
1  2  06770   06796   06927   1   1
1  2  06976   06996   07103   2   0
1  2  07150   07176   07280   2   0
1  2  07332   07356   07449   2   0
1  2  07507   07530   07611   2   0
1  2  07667   07692   07780   2   1
1  2  07853   07877   08013   3   0
1  2  08042   08064   08206   3   0
1  2  08254   08284   08410   3   0
1  2  08448   08472   08601   3   0
1  2  08653   08675   08801   3   1
1  2  08857   08880   09008   4   0
1  2  09048   09068   09158   4   0
1  2  09238   09262   09358   4   0
1  2  09445   09470   09565   4   0
1  2  09628   09649   09764   4   1
1  2  09834   09859   10022   5   0
1  2  10058   10082   10246   5   0
1  2  10293   10319   10473   5   0
1  2  10518   10542   10676   5   0
1  2  10717   10739   10916   5   1
2  1  00223   00249   00351   1   0
2  1  00408   00434   00527   1   0
2  1  00579   00601   00716   1   0
2  1  00775   00802   00924   1   0
2  1  00951   00976   01096   1   1
2  1  01138   01162   01298   2   0
2  1  01331   01356   01506   2   0
2  1  01544   01568   01704   2   0
2  1  01742   01772   01907   2   1
2  1  02036   02077   02290   3   0
2  1  02332   02350   02506   3   0
2  1  02550   02567   02720   3   0
2  1  02757   02775   02953   3   0
2  1  03011   03027   03118   3   1
2  1  03309   03338   03457   4   0
2  1  03510   03527   03665   4   0
2  1  03833   03849   03962   4   0
2  1  04011   04027   04118   4   0
2  1  04169   04188   04295   4   1
2  1  04340   04360   04466   5   0
2  1  04529   04546   04652   5   0
2  1  04703   04717   04838   5   0
2  1  04877   04900   05025   5   0
2  1  05074   05095   05198   5   1
2  2  05631   05660   05785   1   0
2  2  05837   05859   05991   1   0
2  2  06035   06061   06195   1   0
2  2  06249   06274   06400   1   0
2  2  06449   06479   06606   1   1
2  2  06802   06829   06938   2   0
2  2  06976   07003   07113   2   0
2  2  07170   07196   07308   2   0
2  2  07361   07385   07500   2   0
2  2  07554   07577   07706   2   1
2  2  07760   07778   07896   3   0
2  2  07943   07963   08108   3   0
2  2  08154   08176   08313   3   0
2  2  08365   08384   08524   3   0
2  2  08567   08587   08737   3   1
2  2  08903   08925   09063   4   0
2  2  09116   09136   09297   4   0
2  2  09337   09355   09514   4   0
2  2  09563   09584   09755   4   0
2  2  09798   09822   09979   4   1
2  2  10095   10118   10255   5   0
2  2  10302   10326   10471   5   0
2  2  10516   10547   10682   5   0
2  2  10738   10768   10890   5   0
2  2  10944   10969   11105   5   1

